10
-1	26	81	48	2	3	54	87	64	75	
26	-1	88	92	79	26	49	55	64	78	
81	88	-1	42	3	4	3	38	64	24	
48	92	42	-1	47	63	11	4	76	82	
2	79	3	47	-1	39	42	12	10	93	
3	26	4	63	39	-1	37	13	32	13	
54	49	3	11	42	37	-1	18	97	57	
87	55	38	4	12	13	18	-1	86	75	
64	64	64	76	10	32	97	86	-1	87	
75	78	24	82	93	13	57	75	87	-1	
