10
-1	21	15	70	84	46	14	93	14	82	
21	-1	58	23	93	32	97	50	60	11	
15	58	-1	6	21	17	19	34	7	52	
70	23	6	-1	71	82	63	77	55	26	
84	93	21	71	-1	65	33	84	33	15	
46	32	17	82	65	-1	17	7	37	78	
14	97	19	63	33	17	-1	82	58	4	
93	50	34	77	84	7	82	-1	25	40	
14	60	7	55	33	37	58	25	-1	82	
82	11	52	26	15	78	4	40	82	-1	
