10
-1	5	76	83	86	27	37	57	2	28	
5	-1	83	28	25	92	7	42	67	15	
76	83	-1	28	55	5	36	78	17	71	
83	28	28	-1	28	53	69	64	85	55	
86	25	55	28	-1	5	18	85	100	12	
27	92	5	53	5	-1	26	17	23	69	
37	7	36	69	18	26	-1	29	45	86	
57	42	78	64	85	17	29	-1	88	60	
2	67	17	85	100	23	45	88	-1	21	
28	15	71	55	12	69	86	60	21	-1	
