10
-1	83	68	12	7	22	45	36	44	15	
83	-1	66	80	66	91	65	45	37	61	
68	66	-1	51	81	10	33	13	65	72	
12	80	51	-1	2	98	46	91	23	37	
7	66	81	2	-1	35	76	73	29	13	
22	91	10	98	35	-1	18	64	90	84	
45	65	33	46	76	18	-1	4	2	64	
36	45	13	91	73	64	4	-1	41	18	
44	37	65	23	29	90	2	41	-1	40	
15	61	72	37	13	84	64	18	40	-1	
