10
-1	71	45	67	32	45	41	87	2	85	
71	-1	14	37	13	73	89	60	87	96	
45	14	-1	91	18	3	1	83	81	92	
67	37	91	-1	30	48	75	50	87	84	
32	13	18	30	-1	41	17	20	64	44	
45	73	3	48	41	-1	59	73	29	81	
41	89	1	75	17	59	-1	6	16	58	
87	60	83	50	20	73	6	-1	7	83	
2	87	81	87	64	29	16	7	-1	20	
85	96	92	84	44	81	58	83	20	-1	
