10
-1	10	22	5	28	12	3	36	90	38	
10	-1	49	15	49	8	61	19	33	73	
22	49	-1	33	18	61	62	42	85	85	
5	15	33	-1	53	77	30	90	27	87	
28	49	18	53	-1	89	91	10	55	3	
12	8	61	77	89	-1	57	18	20	79	
3	61	62	30	91	57	-1	92	26	94	
36	19	42	90	10	18	92	-1	13	67	
90	33	85	27	55	20	26	13	-1	1	
38	73	85	87	3	79	94	67	1	-1	
