10
-1	91	36	64	72	45	64	28	86	88	
91	-1	69	32	11	49	5	56	3	5	
36	69	-1	6	97	50	34	7	62	54	
64	32	6	-1	37	45	34	7	7	84	
72	11	97	37	-1	42	99	20	70	49	
45	49	50	45	42	-1	22	39	39	1	
64	5	34	34	99	22	-1	21	47	34	
28	56	7	7	20	39	21	-1	35	54	
86	3	62	7	70	39	47	35	-1	50	
88	5	54	84	49	1	34	54	50	-1	
