10
-1	58	40	74	10	97	49	23	88	4	
58	-1	8	39	42	86	61	62	38	86	
40	8	-1	3	20	81	48	43	29	51	
74	39	3	-1	97	5	79	58	37	6	
10	42	20	97	-1	47	60	5	46	10	
97	86	81	5	47	-1	49	17	80	76	
49	61	48	79	60	49	-1	46	43	10	
23	62	43	58	5	17	46	-1	54	24	
88	38	29	37	46	80	43	54	-1	13	
4	86	51	6	10	76	10	24	13	-1	
