10
-1	15	40	31	47	46	72	82	49	45	
15	-1	46	75	39	33	56	84	30	43	
40	46	-1	73	61	86	12	73	86	100	
31	75	73	-1	81	78	60	83	14	18	
47	39	61	81	-1	67	81	73	79	62	
46	33	86	78	67	-1	91	17	48	74	
72	56	12	60	81	91	-1	25	55	86	
82	84	73	83	73	17	25	-1	40	54	
49	30	86	14	79	48	55	40	-1	91	
45	43	100	18	62	74	86	54	91	-1	
