10
-1	37	56	54	3	64	27	6	61	30	
37	-1	68	78	35	61	52	61	49	87	
56	68	-1	87	53	26	58	92	83	45	
54	78	87	-1	44	57	67	88	58	89	
3	35	53	44	-1	37	78	61	63	83	
64	61	26	57	37	-1	54	86	75	67	
27	52	58	67	78	54	-1	93	82	8	
6	61	92	88	61	86	93	-1	67	44	
61	49	83	58	63	75	82	67	-1	69	
30	87	45	89	83	67	8	44	69	-1	
