10
-1	21	54	8	100	5	8	94	58	95	
21	-1	87	79	48	100	37	87	89	47	
54	87	-1	38	11	5	85	7	13	56	
8	79	38	-1	10	25	72	83	47	48	
100	48	11	10	-1	25	88	80	89	67	
5	100	5	25	25	-1	79	59	53	25	
8	37	85	72	88	79	-1	80	40	50	
94	87	7	83	80	59	80	-1	9	67	
58	89	13	47	89	53	40	9	-1	97	
95	47	56	48	67	25	50	67	97	-1	
