10
-1	6	64	78	48	56	36	63	76	73	
6	-1	71	90	50	39	67	61	56	72	
64	71	-1	55	50	57	16	41	39	23	
78	90	55	-1	34	35	21	72	83	8	
48	50	50	34	-1	54	71	88	75	94	
56	39	57	35	54	-1	77	52	88	43	
36	67	16	21	71	77	-1	39	81	33	
63	61	41	72	88	52	39	-1	91	17	
76	56	39	83	75	88	81	91	-1	9	
73	72	23	8	94	43	33	17	9	-1	
