10
-1	75	59	82	61	11	42	50	13	30	
75	-1	14	52	88	71	7	68	8	89	
59	14	-1	9	43	63	13	97	14	63	
82	52	9	-1	3	18	59	36	81	71	
61	88	43	3	-1	60	71	56	8	17	
11	71	63	18	60	-1	76	28	7	1	
42	7	13	59	71	76	-1	63	14	38	
50	68	97	36	56	28	63	-1	36	44	
13	8	14	81	8	7	14	36	-1	16	
30	89	63	71	17	1	38	44	16	-1	
