10
-1	3	13	20	64	89	15	40	4	57	
3	-1	99	53	77	54	5	63	90	5	
13	99	-1	76	55	60	43	11	16	1	
20	53	76	-1	50	73	42	52	47	76	
64	77	55	50	-1	26	23	71	79	78	
89	54	60	73	26	-1	5	72	38	14	
15	5	43	42	23	5	-1	29	15	14	
40	63	11	52	71	72	29	-1	60	7	
4	90	16	47	79	38	15	60	-1	36	
57	5	1	76	78	14	14	7	36	-1	
