10
-1	37	51	73	50	31	58	8	51	69	
37	-1	71	17	14	38	94	58	59	92	
51	71	-1	16	17	54	97	3	71	72	
73	17	16	-1	34	84	77	15	3	38	
50	14	17	34	-1	91	29	60	57	93	
31	38	54	84	91	-1	86	10	55	62	
58	94	97	77	29	86	-1	21	33	74	
8	58	3	15	60	10	21	-1	58	23	
51	59	71	3	57	55	33	58	-1	62	
69	92	72	38	93	62	74	23	62	-1	
