10
-1	74	43	61	37	74	20	40	85	71	
74	-1	64	93	83	18	78	11	18	69	
43	64	-1	6	41	81	90	66	72	66	
61	93	6	-1	94	84	24	96	64	84	
37	83	41	94	-1	40	67	36	99	18	
74	18	81	84	40	-1	88	55	96	6	
20	78	90	24	67	88	-1	71	60	85	
40	11	66	96	36	55	71	-1	9	41	
85	18	72	64	99	96	60	9	-1	12	
71	69	66	84	18	6	85	41	12	-1	
