10
-1	78	67	54	16	59	8	94	15	46	
78	-1	2	29	16	13	82	76	63	29	
67	2	-1	35	16	10	96	24	10	81	
54	29	35	-1	2	41	43	59	19	34	
16	16	16	2	-1	43	44	26	15	52	
59	13	10	41	43	-1	11	16	30	9	
8	82	96	43	44	11	-1	86	68	3	
94	76	24	59	26	16	86	-1	83	47	
15	63	10	19	15	30	68	83	-1	57	
46	29	81	34	52	9	3	47	57	-1	
