10
-1	74	61	73	62	14	43	73	92	42	
74	-1	34	9	50	50	58	32	85	21	
61	34	-1	3	73	18	60	2	92	32	
73	9	3	-1	90	25	69	86	62	19	
62	50	73	90	-1	9	93	53	10	60	
14	50	18	25	9	-1	70	19	25	74	
43	58	60	69	93	70	-1	19	4	72	
73	32	2	86	53	19	19	-1	8	12	
92	85	92	62	10	25	4	8	-1	15	
42	21	32	19	60	74	72	12	15	-1	
