10
-1	86	98	96	77	57	46	99	43	92	
86	-1	84	26	66	28	84	33	70	15	
98	84	-1	39	97	42	19	61	70	85	
96	26	39	-1	19	46	74	92	99	17	
77	66	97	19	-1	39	20	4	21	70	
57	28	42	46	39	-1	99	94	6	52	
46	84	19	74	20	99	-1	26	73	83	
99	33	61	92	4	94	26	-1	65	36	
43	70	70	99	21	6	73	65	-1	9	
92	15	85	17	70	52	83	36	9	-1	
