10
-1	30	44	62	52	6	22	16	12	60	
30	-1	38	54	36	33	42	22	96	4	
44	38	-1	56	89	10	35	8	66	14	
62	54	56	-1	1	12	74	43	44	45	
52	36	89	1	-1	88	5	84	41	75	
6	33	10	12	88	-1	72	4	71	94	
22	42	35	74	5	72	-1	14	7	42	
16	22	8	43	84	4	14	-1	43	68	
12	96	66	44	41	71	7	43	-1	93	
60	4	14	45	75	94	42	68	93	-1	
