10
-1	14	95	20	40	35	76	19	61	16	
14	-1	28	37	15	67	46	89	98	65	
95	28	-1	19	4	92	52	86	96	92	
20	37	19	-1	23	51	1	55	10	36	
40	15	4	23	-1	22	75	95	37	72	
35	67	92	51	22	-1	98	4	26	16	
76	46	52	1	75	98	-1	91	6	34	
19	89	86	55	95	4	91	-1	70	58	
61	98	96	10	37	26	6	70	-1	53	
16	65	92	36	72	16	34	58	53	-1	
