10
-1	20	74	18	38	70	63	38	10	62	
20	-1	94	4	41	2	6	19	60	26	
74	94	-1	20	36	29	19	18	8	37	
18	4	20	-1	73	5	15	86	66	48	
38	41	36	73	-1	21	31	20	73	36	
70	2	29	5	21	-1	6	96	75	87	
63	6	19	15	31	6	-1	73	85	33	
38	19	18	86	20	96	73	-1	65	87	
10	60	8	66	73	75	85	65	-1	78	
62	26	37	48	36	87	33	87	78	-1	
