10
-1	27	47	29	95	98	23	21	31	32	
27	-1	22	63	81	39	17	3	69	77	
47	22	-1	46	81	90	36	97	9	59	
29	63	46	-1	88	40	46	3	86	29	
95	81	81	88	-1	54	18	62	45	8	
98	39	90	40	54	-1	61	23	91	35	
23	17	36	46	18	61	-1	77	33	59	
21	3	97	3	62	23	77	-1	10	94	
31	69	9	86	45	91	33	10	-1	51	
32	77	59	29	8	35	59	94	51	-1	
