10
-1	79	38	66	25	11	62	54	41	84	
79	-1	12	72	9	56	33	42	85	98	
38	12	-1	66	30	84	97	91	49	71	
66	72	66	-1	66	77	23	75	44	88	
25	9	30	66	-1	57	44	56	60	14	
11	56	84	77	57	-1	14	93	51	46	
62	33	97	23	44	14	-1	95	69	84	
54	42	91	75	56	93	95	-1	39	31	
41	85	49	44	60	51	69	39	-1	28	
84	98	71	88	14	46	84	31	28	-1	
