10
-1	3	80	65	32	94	27	55	26	93	
3	-1	6	76	70	77	78	87	25	52	
80	6	-1	20	50	66	49	58	61	59	
65	76	20	-1	23	80	62	91	100	83	
32	70	50	23	-1	70	62	28	47	92	
94	77	66	80	70	-1	31	94	86	28	
27	78	49	62	62	31	-1	31	54	36	
55	87	58	91	28	94	31	-1	67	27	
26	25	61	100	47	86	54	67	-1	76	
93	52	59	83	92	28	36	27	76	-1	
