10
-1	46	44	44	92	78	94	4	83	72	
46	-1	21	60	100	49	67	7	34	66	
44	21	-1	84	26	82	37	79	90	12	
44	60	84	-1	36	10	42	70	59	60	
92	100	26	36	-1	6	71	7	77	22	
78	49	82	10	6	-1	57	18	87	87	
94	67	37	42	71	57	-1	74	96	88	
4	7	79	70	7	18	74	-1	82	49	
83	34	90	59	77	87	96	82	-1	42	
72	66	12	60	22	87	88	49	42	-1	
