10
-1	71	90	65	65	49	10	23	51	77	
71	-1	83	35	65	23	19	94	9	27	
90	83	-1	55	58	2	45	12	56	20	
65	35	55	-1	4	100	24	12	89	58	
65	65	58	4	-1	59	16	98	34	96	
49	23	2	100	59	-1	16	62	95	86	
10	19	45	24	16	16	-1	30	62	35	
23	94	12	12	98	62	30	-1	78	99	
51	9	56	89	34	95	62	78	-1	53	
77	27	20	58	96	86	35	99	53	-1	
