10
-1	6	67	64	87	6	65	76	77	36	
6	-1	79	95	25	11	86	13	73	44	
67	79	-1	40	18	81	23	12	79	4	
64	95	40	-1	86	3	83	80	80	63	
87	25	18	86	-1	76	84	33	37	10	
6	11	81	3	76	-1	45	97	61	94	
65	86	23	83	84	45	-1	75	34	40	
76	13	12	80	33	97	75	-1	11	98	
77	73	79	80	37	61	34	11	-1	89	
36	44	4	63	10	94	40	98	89	-1	
