10
-1	41	1	6	88	18	8	80	89	58	
41	-1	10	1	12	56	50	58	14	19	
1	10	-1	34	55	26	94	15	67	74	
6	1	34	-1	38	50	90	3	90	2	
88	12	55	38	-1	15	75	51	39	98	
18	56	26	50	15	-1	30	85	54	63	
8	50	94	90	75	30	-1	66	18	42	
80	58	15	3	51	85	66	-1	3	100	
89	14	67	90	39	54	18	3	-1	10	
58	19	74	2	98	63	42	100	10	-1	
