10
-1	13	66	28	3	1	100	17	96	23	
13	-1	61	52	45	12	93	96	99	29	
66	61	-1	37	11	31	58	15	37	63	
28	52	37	-1	12	62	48	44	14	94	
3	45	11	12	-1	26	86	89	18	48	
1	12	31	62	26	-1	21	60	22	54	
100	93	58	48	86	21	-1	30	45	47	
17	96	15	44	89	60	30	-1	83	53	
96	99	37	14	18	22	45	83	-1	73	
23	29	63	94	48	54	47	53	73	-1	
