10
-1	90	94	60	19	32	42	32	70	78	
90	-1	80	67	49	67	44	19	14	32	
94	80	-1	6	14	76	19	78	9	84	
60	67	6	-1	79	99	66	55	50	87	
19	49	14	79	-1	83	2	40	81	70	
32	67	76	99	83	-1	18	32	61	50	
42	44	19	66	2	18	-1	78	92	53	
32	19	78	55	40	32	78	-1	68	45	
70	14	9	50	81	61	92	68	-1	52	
78	32	84	87	70	50	53	45	52	-1	
