10
-1	45	14	92	89	89	1	84	2	79	
45	-1	49	30	71	42	91	72	81	93	
14	49	-1	77	93	35	64	68	15	94	
92	30	77	-1	48	64	7	94	58	100	
89	71	93	48	-1	63	19	71	32	91	
89	42	35	64	63	-1	7	99	80	8	
1	91	64	7	19	7	-1	49	96	99	
84	72	68	94	71	99	49	-1	36	45	
2	81	15	58	32	80	96	36	-1	10	
79	93	94	100	91	8	99	45	10	-1	
