10
-1	44	21	25	19	80	82	91	9	36	
44	-1	99	84	60	44	25	36	54	15	
21	99	-1	61	19	58	77	44	35	9	
25	84	61	-1	87	51	47	79	34	3	
19	60	19	87	-1	28	43	95	59	97	
80	44	58	51	28	-1	5	58	9	85	
82	25	77	47	43	5	-1	96	44	55	
91	36	44	79	95	58	96	-1	12	41	
9	54	35	34	59	9	44	12	-1	21	
36	15	9	3	97	85	55	41	21	-1	
