10
-1	69	76	77	47	74	49	37	15	46	
69	-1	42	78	89	44	6	41	80	83	
76	42	-1	69	54	60	63	47	76	57	
77	78	69	-1	11	52	72	58	14	21	
47	89	54	11	-1	71	45	4	84	79	
74	44	60	52	71	-1	96	91	31	48	
49	6	63	72	45	96	-1	53	93	14	
37	41	47	58	4	91	53	-1	99	54	
15	80	76	14	84	31	93	99	-1	67	
46	83	57	21	79	48	14	54	67	-1	
