10
-1	63	89	66	21	65	7	86	70	46	
63	-1	9	64	35	25	43	35	27	70	
89	9	-1	30	97	41	86	23	78	63	
66	64	30	-1	42	96	78	65	61	94	
21	35	97	42	-1	57	15	80	95	3	
65	25	41	96	57	-1	85	25	91	25	
7	43	86	78	15	85	-1	58	44	52	
86	35	23	65	80	25	58	-1	23	51	
70	27	78	61	95	91	44	23	-1	10	
46	70	63	94	3	25	52	51	10	-1	
