10
-1	2	59	70	74	52	22	100	1	71	
2	-1	50	86	91	13	100	28	27	45	
59	50	-1	24	90	89	13	23	30	15	
70	86	24	-1	44	65	91	60	46	7	
74	91	90	44	-1	99	95	54	60	25	
52	13	89	65	99	-1	59	61	63	26	
22	100	13	91	95	59	-1	29	70	5	
100	28	23	60	54	61	29	-1	13	99	
1	27	30	46	60	63	70	13	-1	5	
71	45	15	7	25	26	5	99	5	-1	
