10
-1	62	93	45	20	20	99	21	2	57	
62	-1	16	39	69	26	79	46	99	56	
93	16	-1	33	42	26	76	81	55	59	
45	39	33	-1	85	1	85	95	73	43	
20	69	42	85	-1	39	86	92	8	20	
20	26	26	1	39	-1	59	14	49	24	
99	79	76	85	86	59	-1	8	96	95	
21	46	81	95	92	14	8	-1	63	26	
2	99	55	73	8	49	96	63	-1	25	
57	56	59	43	20	24	95	26	25	-1	
