10
-1	6	26	8	60	61	93	36	91	23	
6	-1	30	74	38	88	54	51	57	98	
26	30	-1	27	4	90	86	49	19	39	
8	74	27	-1	44	94	73	38	17	75	
60	38	4	44	-1	28	85	91	87	83	
61	88	90	94	28	-1	55	17	8	2	
93	54	86	73	85	55	-1	6	64	95	
36	51	49	38	91	17	6	-1	85	51	
91	57	19	17	87	8	64	85	-1	1	
23	98	39	75	83	2	95	51	1	-1	
