10
-1	66	47	76	88	84	47	56	44	19	
66	-1	92	78	31	66	91	12	36	99	
47	92	-1	15	61	61	58	9	70	20	
76	78	15	-1	93	13	98	40	77	2	
88	31	61	93	-1	61	34	11	40	71	
84	66	61	13	61	-1	20	51	1	82	
47	91	58	98	34	20	-1	69	81	63	
56	12	9	40	11	51	69	-1	65	82	
44	36	70	77	40	1	81	65	-1	29	
19	99	20	2	71	82	63	82	29	-1	
