10
-1	17	11	34	71	3	35	55	96	49	
17	-1	17	25	71	51	81	53	16	44	
11	17	-1	76	35	55	100	72	62	46	
34	25	76	-1	67	86	50	70	22	27	
71	71	35	67	-1	33	8	22	30	31	
3	51	55	86	33	-1	28	10	19	71	
35	81	100	50	8	28	-1	5	46	25	
55	53	72	70	22	10	5	-1	93	82	
96	16	62	22	30	19	46	93	-1	2	
49	44	46	27	31	71	25	82	2	-1	
