10
-1	63	6	80	35	62	8	66	48	86	
63	-1	34	54	75	33	11	33	90	76	
6	34	-1	18	32	57	79	63	39	93	
80	54	18	-1	84	84	78	27	27	14	
35	75	32	84	-1	86	10	25	4	79	
62	33	57	84	86	-1	37	71	88	32	
8	11	79	78	10	37	-1	4	1	69	
66	33	63	27	25	71	4	-1	34	76	
48	90	39	27	4	88	1	34	-1	1	
86	76	93	14	79	32	69	76	1	-1	
