10
-1	41	51	25	65	40	47	65	43	31	
41	-1	85	61	45	32	37	56	47	57	
51	85	-1	42	44	63	42	26	82	97	
25	61	42	-1	5	60	66	4	20	34	
65	45	44	5	-1	58	53	98	88	40	
40	32	63	60	58	-1	93	85	17	3	
47	37	42	66	53	93	-1	93	34	88	
65	56	26	4	98	85	93	-1	83	61	
43	47	82	20	88	17	34	83	-1	1	
31	57	97	34	40	3	88	61	1	-1	
