10
-1	51	48	5	54	73	79	40	94	3	
51	-1	95	54	95	67	48	7	87	75	
48	95	-1	52	32	91	24	54	42	27	
5	54	52	-1	85	12	71	49	63	6	
54	95	32	85	-1	82	8	71	79	4	
73	67	91	12	82	-1	97	7	39	59	
79	48	24	71	8	97	-1	66	8	89	
40	7	54	49	71	7	66	-1	78	19	
94	87	42	63	79	39	8	78	-1	75	
3	75	27	6	4	59	89	19	75	-1	
