10
-1	22	16	3	81	46	69	38	22	56	
22	-1	93	9	16	86	1	28	24	16	
16	93	-1	35	56	4	22	64	11	60	
3	9	35	-1	47	31	64	53	26	52	
81	16	56	47	-1	19	23	11	20	57	
46	86	4	31	19	-1	100	93	92	11	
69	1	22	64	23	100	-1	32	49	24	
38	28	64	53	11	93	32	-1	79	34	
22	24	11	26	20	92	49	79	-1	77	
56	16	60	52	57	11	24	34	77	-1	
