10
-1	46	44	44	36	89	86	79	3	82	
46	-1	13	88	87	48	71	61	88	60	
44	13	-1	99	59	34	73	99	81	77	
44	88	99	-1	60	96	27	21	17	34	
36	87	59	60	-1	21	25	37	4	12	
89	48	34	96	21	-1	36	10	34	87	
86	71	73	27	25	36	-1	96	35	30	
79	61	99	21	37	10	96	-1	50	43	
3	88	81	17	4	34	35	50	-1	5	
82	60	77	34	12	87	30	43	5	-1	
