10
-1	14	16	69	59	9	75	50	97	59	
14	-1	74	20	41	65	97	48	94	13	
16	74	-1	19	31	5	99	25	28	26	
69	20	19	-1	48	3	2	57	9	45	
59	41	31	48	-1	39	87	2	81	18	
9	65	5	3	39	-1	3	7	56	41	
75	97	99	2	87	3	-1	28	67	66	
50	48	25	57	2	7	28	-1	78	71	
97	94	28	9	81	56	67	78	-1	4	
59	13	26	45	18	41	66	71	4	-1	
