10
-1	57	97	52	9	61	2	39	11	72	
57	-1	94	74	63	40	11	8	44	97	
97	94	-1	31	62	20	2	45	60	91	
52	74	31	-1	82	70	72	90	29	36	
9	63	62	82	-1	60	14	39	66	48	
61	40	20	70	60	-1	8	64	84	18	
2	11	2	72	14	8	-1	2	12	88	
39	8	45	90	39	64	2	-1	25	73	
11	44	60	29	66	84	12	25	-1	84	
72	97	91	36	48	18	88	73	84	-1	
