10
-1	93	95	42	10	13	91	89	15	70	
93	-1	71	68	90	66	65	20	2	62	
95	71	-1	72	65	34	26	24	68	39	
42	68	72	-1	35	99	42	9	29	92	
10	90	65	35	-1	45	41	61	27	61	
13	66	34	99	45	-1	66	72	66	58	
91	65	26	42	41	66	-1	24	32	70	
89	20	24	9	61	72	24	-1	88	93	
15	2	68	29	27	66	32	88	-1	79	
70	62	39	92	61	58	70	93	79	-1	
