10
-1	24	38	30	70	78	51	93	24	97	
24	-1	30	7	31	25	94	89	18	95	
38	30	-1	61	58	80	1	80	91	23	
30	7	61	-1	35	99	13	8	25	13	
70	31	58	35	-1	71	3	32	15	77	
78	25	80	99	71	-1	10	26	66	16	
51	94	1	13	3	10	-1	22	52	93	
93	89	80	8	32	26	22	-1	84	21	
24	18	91	25	15	66	52	84	-1	82	
97	95	23	13	77	16	93	21	82	-1	
