10
-1	41	20	81	86	3	55	48	42	23	
41	-1	86	59	6	69	5	97	12	83	
20	86	-1	100	25	48	35	72	79	59	
81	59	100	-1	8	25	98	66	61	74	
86	6	25	8	-1	28	23	55	18	69	
3	69	48	25	28	-1	15	80	20	24	
55	5	35	98	23	15	-1	35	43	73	
48	97	72	66	55	80	35	-1	12	28	
42	12	79	61	18	20	43	12	-1	38	
23	83	59	74	69	24	73	28	38	-1	
