10
-1	60	94	93	46	62	64	34	46	52	
60	-1	30	71	66	10	78	49	21	33	
94	30	-1	93	25	69	15	100	95	55	
93	71	93	-1	9	20	24	70	85	18	
46	66	25	9	-1	79	47	21	17	44	
62	10	69	20	79	-1	61	24	57	2	
64	78	15	24	47	61	-1	6	28	28	
34	49	100	70	21	24	6	-1	28	99	
46	21	95	85	17	57	28	28	-1	52	
52	33	55	18	44	2	28	99	52	-1	
