10
-1	15	58	94	26	25	41	18	32	8	
15	-1	47	67	86	38	7	22	94	21	
58	47	-1	87	1	84	20	95	13	78	
94	67	87	-1	40	96	42	85	66	77	
26	86	1	40	-1	4	30	23	25	92	
25	38	84	96	4	-1	37	4	43	36	
41	7	20	42	30	37	-1	65	3	19	
18	22	95	85	23	4	65	-1	79	87	
32	94	13	66	25	43	3	79	-1	30	
8	21	78	77	92	36	19	87	30	-1	
