10
-1	30	49	35	67	92	45	89	83	7	
30	-1	36	60	58	7	77	37	51	100	
49	36	-1	37	54	53	19	21	93	98	
35	60	37	-1	24	86	70	39	11	8	
67	58	54	24	-1	19	95	14	94	31	
92	7	53	86	19	-1	58	55	17	33	
45	77	19	70	95	58	-1	73	75	58	
89	37	21	39	14	55	73	-1	59	53	
83	51	93	11	94	17	75	59	-1	45	
7	100	98	8	31	33	58	53	45	-1	
