10
-1	59	6	65	58	84	1	44	87	5	
59	-1	62	78	22	96	94	47	86	8	
6	62	-1	44	96	56	62	82	81	93	
65	78	44	-1	1	51	16	92	27	33	
58	22	96	1	-1	19	99	29	100	24	
84	96	56	51	19	-1	25	37	67	51	
1	94	62	16	99	25	-1	75	50	41	
44	47	82	92	29	37	75	-1	100	75	
87	86	81	27	100	67	50	100	-1	27	
5	8	93	33	24	51	41	75	27	-1	
