10
-1	65	91	17	31	36	69	17	86	1	
65	-1	100	71	12	75	85	38	79	10	
91	100	-1	5	85	91	16	27	20	68	
17	71	5	-1	34	14	23	93	16	24	
31	12	85	34	-1	4	96	14	11	37	
36	75	91	14	4	-1	23	4	51	78	
69	85	16	23	96	23	-1	26	51	17	
17	38	27	93	14	4	26	-1	23	71	
86	79	20	16	11	51	51	23	-1	68	
1	10	68	24	37	78	17	71	68	-1	
