10
-1	32	27	41	56	34	40	14	5	27	
32	-1	34	13	100	35	3	52	93	30	
27	34	-1	20	26	76	57	87	23	39	
41	13	20	-1	16	42	53	5	16	26	
56	100	26	16	-1	64	46	71	76	40	
34	35	76	42	64	-1	36	86	67	89	
40	3	57	53	46	36	-1	13	75	22	
14	52	87	5	71	86	13	-1	88	90	
5	93	23	16	76	67	75	88	-1	30	
27	30	39	26	40	89	22	90	30	-1	
