10
-1	87	14	71	81	73	93	37	27	3	
87	-1	74	61	25	64	93	99	38	16	
14	74	-1	72	84	42	18	93	13	66	
71	61	72	-1	57	54	5	93	78	77	
81	25	84	57	-1	47	59	93	24	96	
73	64	42	54	47	-1	78	100	71	100	
93	93	18	5	59	78	-1	38	82	84	
37	99	93	93	93	100	38	-1	78	45	
27	38	13	78	24	71	82	78	-1	29	
3	16	66	77	96	100	84	45	29	-1	
