10
-1	13	88	13	35	100	70	3	85	20	
13	-1	47	65	97	40	88	73	5	27	
88	47	-1	26	43	81	22	70	57	69	
13	65	26	-1	29	37	50	57	37	69	
35	97	43	29	-1	36	23	65	42	43	
100	40	81	37	36	-1	82	97	80	84	
70	88	22	50	23	82	-1	65	70	87	
3	73	70	57	65	97	65	-1	38	10	
85	5	57	37	42	80	70	38	-1	94	
20	27	69	69	43	84	87	10	94	-1	
