10
-1	88	49	75	13	59	23	26	81	88	
88	-1	41	37	91	26	81	6	20	57	
49	41	-1	67	94	75	34	76	12	95	
75	37	67	-1	56	34	84	45	24	60	
13	91	94	56	-1	17	35	88	5	80	
59	26	75	34	17	-1	37	5	34	44	
23	81	34	84	35	37	-1	57	70	97	
26	6	76	45	88	5	57	-1	55	2	
81	20	12	24	5	34	70	55	-1	3	
88	57	95	60	80	44	97	2	3	-1	
