10
-1	30	96	78	42	83	87	29	55	70	
30	-1	58	66	99	6	48	22	89	21	
96	58	-1	36	19	10	38	31	12	50	
78	66	36	-1	98	80	100	18	30	26	
42	99	19	98	-1	52	5	88	21	22	
83	6	10	80	52	-1	42	73	1	47	
87	48	38	100	5	42	-1	34	78	80	
29	22	31	18	88	73	34	-1	55	71	
55	89	12	30	21	1	78	55	-1	85	
70	21	50	26	22	47	80	71	85	-1	
