10
-1	55	1	18	2	45	62	90	46	22	
55	-1	96	90	59	17	55	2	99	78	
1	96	-1	88	10	67	75	11	94	78	
18	90	88	-1	89	94	66	99	19	80	
2	59	10	89	-1	71	22	79	33	93	
45	17	67	94	71	-1	54	90	83	87	
62	55	75	66	22	54	-1	49	73	30	
90	2	11	99	79	90	49	-1	56	3	
46	99	94	19	33	83	73	56	-1	69	
22	78	78	80	93	87	30	3	69	-1	
