10
-1	32	12	20	43	84	72	19	12	75	
32	-1	34	94	87	30	67	69	69	52	
12	34	-1	36	41	6	82	45	4	52	
20	94	36	-1	53	3	10	67	36	26	
43	87	41	53	-1	56	62	78	15	34	
84	30	6	3	56	-1	24	92	61	36	
72	67	82	10	62	24	-1	60	43	28	
19	69	45	67	78	92	60	-1	40	37	
12	69	4	36	15	61	43	40	-1	29	
75	52	52	26	34	36	28	37	29	-1	
