10
-1	27	34	13	71	78	24	60	22	68	
27	-1	75	50	66	54	48	58	60	32	
34	75	-1	24	27	94	96	98	48	90	
13	50	24	-1	37	98	29	49	14	43	
71	66	27	37	-1	66	100	79	58	71	
78	54	94	98	66	-1	59	75	19	72	
24	48	96	29	100	59	-1	69	19	47	
60	58	98	49	79	75	69	-1	73	32	
22	60	48	14	58	19	19	73	-1	46	
68	32	90	43	71	72	47	32	46	-1	
