10
-1	87	75	10	9	30	93	53	48	96	
87	-1	2	59	14	51	34	56	90	68	
75	2	-1	3	55	17	100	78	99	63	
10	59	3	-1	71	32	59	58	12	77	
9	14	55	71	-1	15	48	25	26	60	
30	51	17	32	15	-1	76	5	18	79	
93	34	100	59	48	76	-1	54	46	74	
53	56	78	58	25	5	54	-1	76	6	
48	90	99	12	26	18	46	76	-1	48	
96	68	63	77	60	79	74	6	48	-1	
