10
-1	5	61	97	66	10	50	39	54	61	
5	-1	64	61	90	45	16	40	68	35	
61	64	-1	10	60	5	75	22	57	76	
97	61	10	-1	100	34	84	37	77	93	
66	90	60	100	-1	2	31	54	75	100	
10	45	5	34	2	-1	9	10	22	39	
50	16	75	84	31	9	-1	64	6	65	
39	40	22	37	54	10	64	-1	78	90	
54	68	57	77	75	22	6	78	-1	50	
61	35	76	93	100	39	65	90	50	-1	
