10
-1	3	33	16	16	24	88	61	85	68	
3	-1	48	45	80	7	69	98	21	99	
33	48	-1	13	11	69	10	83	12	38	
16	45	13	-1	6	37	85	29	86	32	
16	80	11	6	-1	2	11	95	13	58	
24	7	69	37	2	-1	34	85	78	19	
88	69	10	85	11	34	-1	77	100	39	
61	98	83	29	95	85	77	-1	29	75	
85	21	12	86	13	78	100	29	-1	24	
68	99	38	32	58	19	39	75	24	-1	
