10
-1	89	24	83	41	38	79	55	11	82	
89	-1	34	35	96	42	72	53	36	59	
24	34	-1	94	47	44	34	66	63	24	
83	35	94	-1	81	19	49	54	92	11	
41	96	47	81	-1	85	50	52	63	87	
38	42	44	19	85	-1	58	88	60	32	
79	72	34	49	50	58	-1	81	63	18	
55	53	66	54	52	88	81	-1	31	40	
11	36	63	92	63	60	63	31	-1	89	
82	59	24	11	87	32	18	40	89	-1	
