10
-1	95	58	57	66	23	26	83	32	69	
95	-1	15	52	96	51	93	40	72	97	
58	15	-1	67	55	22	85	67	11	74	
57	52	67	-1	19	33	41	4	8	14	
66	96	55	19	-1	66	10	90	64	71	
23	51	22	33	66	-1	21	100	48	54	
26	93	85	41	10	21	-1	74	93	47	
83	40	67	4	90	100	74	-1	67	23	
32	72	11	8	64	48	93	67	-1	34	
69	97	74	14	71	54	47	23	34	-1	
