10
-1	81	15	35	51	7	84	2	31	70	
81	-1	18	12	77	13	37	85	37	32	
15	18	-1	10	9	99	89	70	17	72	
35	12	10	-1	19	76	61	78	20	42	
51	77	9	19	-1	79	35	83	7	52	
7	13	99	76	79	-1	25	19	91	75	
84	37	89	61	35	25	-1	4	51	96	
2	85	70	78	83	19	4	-1	63	31	
31	37	17	20	7	91	51	63	-1	58	
70	32	72	42	52	75	96	31	58	-1	
