10
-1	13	4	54	61	33	60	93	18	98	
13	-1	22	39	85	12	64	58	46	65	
4	22	-1	88	78	63	93	88	56	9	
54	39	88	-1	61	91	36	100	27	91	
61	85	78	61	-1	10	93	84	16	34	
33	12	63	91	10	-1	10	63	19	70	
60	64	93	36	93	10	-1	6	50	75	
93	58	88	100	84	63	6	-1	64	53	
18	46	56	27	16	19	50	64	-1	11	
98	65	9	91	34	70	75	53	11	-1	
