10
-1	93	65	37	88	45	7	91	41	93	
93	-1	84	79	36	59	65	81	76	100	
65	84	-1	33	85	84	58	48	12	58	
37	79	33	-1	20	66	84	62	82	67	
88	36	85	20	-1	11	11	92	92	55	
45	59	84	66	11	-1	93	61	49	46	
7	65	58	84	11	93	-1	42	91	1	
91	81	48	62	92	61	42	-1	69	2	
41	76	12	82	92	49	91	69	-1	40	
93	100	58	67	55	46	1	2	40	-1	
