10
-1	55	91	91	17	75	58	55	19	93	
55	-1	100	93	96	75	47	25	63	95	
91	100	-1	27	17	52	35	79	1	94	
91	93	27	-1	4	27	90	63	15	37	
17	96	17	4	-1	55	99	5	70	45	
75	75	52	27	55	-1	62	30	16	69	
58	47	35	90	99	62	-1	88	16	50	
55	25	79	63	5	30	88	-1	68	79	
19	63	1	15	70	16	16	68	-1	4	
93	95	94	37	45	69	50	79	4	-1	
