10
-1	56	65	22	52	34	11	17	68	46	
56	-1	21	41	46	53	46	47	27	80	
65	21	-1	56	13	13	60	45	60	36	
22	41	56	-1	59	90	92	44	6	44	
52	46	13	59	-1	32	40	91	47	14	
34	53	13	90	32	-1	23	48	43	14	
11	46	60	92	40	23	-1	90	29	15	
17	47	45	44	91	48	90	-1	42	37	
68	27	60	6	47	43	29	42	-1	11	
46	80	36	44	14	14	15	37	11	-1	
