10
-1	99	14	73	94	18	20	2	24	35	
99	-1	74	86	48	48	27	82	57	100	
14	74	-1	88	49	21	67	6	51	96	
73	86	88	-1	26	96	99	90	44	98	
94	48	49	26	-1	94	73	61	84	61	
18	48	21	96	94	-1	74	21	41	5	
20	27	67	99	73	74	-1	85	73	58	
2	82	6	90	61	21	85	-1	80	22	
24	57	51	44	84	41	73	80	-1	17	
35	100	96	98	61	5	58	22	17	-1	
