10
-1	19	83	53	5	71	54	73	64	4	
19	-1	49	23	97	25	75	26	66	58	
83	49	-1	64	61	17	4	86	51	75	
53	23	64	-1	69	29	93	5	53	61	
5	97	61	69	-1	27	51	21	50	42	
71	25	17	29	27	-1	42	51	95	41	
54	75	4	93	51	42	-1	88	18	71	
73	26	86	5	21	51	88	-1	19	37	
64	66	51	53	50	95	18	19	-1	96	
4	58	75	61	42	41	71	37	96	-1	
