10
-1	69	72	99	82	36	24	33	37	7	
69	-1	51	68	22	58	84	94	40	87	
72	51	-1	50	64	18	97	31	55	84	
99	68	50	-1	14	72	19	64	47	48	
82	22	64	14	-1	28	92	47	1	46	
36	58	18	72	28	-1	63	18	98	37	
24	84	97	19	92	63	-1	14	3	4	
33	94	31	64	47	18	14	-1	17	9	
37	40	55	47	1	98	3	17	-1	36	
7	87	84	48	46	37	4	9	36	-1	
