10
-1	20	27	87	95	97	21	36	76	1	
20	-1	13	7	62	73	37	38	32	34	
27	13	-1	43	20	75	96	94	42	74	
87	7	43	-1	36	26	66	78	24	69	
95	62	20	36	-1	9	13	95	76	31	
97	73	75	26	9	-1	64	7	9	9	
21	37	96	66	13	64	-1	47	42	38	
36	38	94	78	95	7	47	-1	34	30	
76	32	42	24	76	9	42	34	-1	1	
1	34	74	69	31	9	38	30	1	-1	
