10
-1	96	95	39	38	33	54	64	98	85	
96	-1	99	10	48	31	87	27	10	41	
95	99	-1	33	13	87	78	52	41	42	
39	10	33	-1	6	63	13	28	75	99	
38	48	13	6	-1	45	86	75	93	31	
33	31	87	63	45	-1	3	96	49	30	
54	87	78	13	86	3	-1	23	71	19	
64	27	52	28	75	96	23	-1	72	24	
98	10	41	75	93	49	71	72	-1	88	
85	41	42	99	31	30	19	24	88	-1	
