10
-1	48	42	63	14	59	31	38	89	5	
48	-1	59	55	37	93	6	66	78	62	
42	59	-1	2	43	80	13	17	40	68	
63	55	2	-1	12	68	12	37	15	51	
14	37	43	12	-1	77	67	34	95	6	
59	93	80	68	77	-1	47	14	19	28	
31	6	13	12	67	47	-1	81	71	18	
38	66	17	37	34	14	81	-1	22	21	
89	78	40	15	95	19	71	22	-1	40	
5	62	68	51	6	28	18	21	40	-1	
