10
-1	27	7	92	73	75	51	3	10	67	
27	-1	76	61	77	97	70	97	50	84	
7	76	-1	68	2	92	61	37	34	59	
92	61	68	-1	82	35	45	11	81	44	
73	77	2	82	-1	43	56	18	50	94	
75	97	92	35	43	-1	28	17	63	96	
51	70	61	45	56	28	-1	1	76	92	
3	97	37	11	18	17	1	-1	57	63	
10	50	34	81	50	63	76	57	-1	85	
67	84	59	44	94	96	92	63	85	-1	
