10
-1	73	79	1	4	9	37	42	84	71	
73	-1	31	89	85	28	44	28	81	90	
79	31	-1	14	48	14	57	12	37	12	
1	89	14	-1	88	17	7	90	64	97	
4	85	48	88	-1	59	46	52	10	85	
9	28	14	17	59	-1	9	5	32	83	
37	44	57	7	46	9	-1	13	63	10	
42	28	12	90	52	5	13	-1	54	73	
84	81	37	64	10	32	63	54	-1	73	
71	90	12	97	85	83	10	73	73	-1	
