10
-1	61	14	64	10	74	58	47	97	12	
61	-1	67	81	11	39	19	30	100	94	
14	67	-1	64	3	77	28	81	100	29	
64	81	64	-1	98	88	17	3	61	64	
10	11	3	98	-1	45	12	41	78	18	
74	39	77	88	45	-1	80	62	43	90	
58	19	28	17	12	80	-1	51	13	15	
47	30	81	3	41	62	51	-1	89	38	
97	100	100	61	78	43	13	89	-1	71	
12	94	29	64	18	90	15	38	71	-1	
