10
-1	93	63	44	34	9	96	65	13	67	
93	-1	8	74	62	60	5	25	65	88	
63	8	-1	4	32	99	31	91	80	34	
44	74	4	-1	82	98	95	90	17	6	
34	62	32	82	-1	75	29	67	5	86	
9	60	99	98	75	-1	75	55	81	73	
96	5	31	95	29	75	-1	22	61	97	
65	25	91	90	67	55	22	-1	42	11	
13	65	80	17	5	81	61	42	-1	24	
67	88	34	6	86	73	97	11	24	-1	
