10
-1	9	94	14	35	58	5	70	90	1	
9	-1	83	17	79	98	50	59	88	61	
94	83	-1	9	77	14	76	33	24	2	
14	17	9	-1	7	90	85	87	56	12	
35	79	77	7	-1	47	1	37	14	22	
58	98	14	90	47	-1	36	100	55	3	
5	50	76	85	1	36	-1	76	69	55	
70	59	33	87	37	100	76	-1	34	79	
90	88	24	56	14	55	69	34	-1	17	
1	61	2	12	22	3	55	79	17	-1	
