10
-1	48	83	39	99	57	24	75	47	31	
48	-1	1	48	6	39	25	60	57	63	
83	1	-1	85	61	99	5	59	43	57	
39	48	85	-1	20	4	60	77	71	20	
99	6	61	20	-1	31	66	79	85	31	
57	39	99	4	31	-1	100	73	99	17	
24	25	5	60	66	100	-1	37	45	3	
75	60	59	77	79	73	37	-1	100	46	
47	57	43	71	85	99	45	100	-1	77	
31	63	57	20	31	17	3	46	77	-1	
