10
-1	87	65	39	99	89	46	41	46	74	
87	-1	94	68	80	100	15	11	28	35	
65	94	-1	89	51	73	73	37	69	7	
39	68	89	-1	19	77	63	78	14	89	
99	80	51	19	-1	35	2	5	28	16	
89	100	73	77	35	-1	3	43	64	13	
46	15	73	63	2	3	-1	74	91	10	
41	11	37	78	5	43	74	-1	19	80	
46	28	69	14	28	64	91	19	-1	34	
74	35	7	89	16	13	10	80	34	-1	
