10
-1	59	61	52	29	17	86	77	54	82	
59	-1	38	7	57	85	90	75	9	72	
61	38	-1	78	70	53	26	99	8	47	
52	7	78	-1	57	36	16	27	98	14	
29	57	70	57	-1	60	36	59	65	77	
17	85	53	36	60	-1	28	12	71	46	
86	90	26	16	36	28	-1	87	5	99	
77	75	99	27	59	12	87	-1	13	14	
54	9	8	98	65	71	5	13	-1	39	
82	72	47	14	77	46	99	14	39	-1	
