10
-1	73	82	81	21	12	79	79	100	82	
73	-1	25	89	74	94	98	94	97	7	
82	25	-1	63	14	9	30	18	34	8	
81	89	63	-1	74	82	95	77	14	20	
21	74	14	74	-1	77	25	9	33	29	
12	94	9	82	77	-1	93	2	64	21	
79	98	30	95	25	93	-1	33	91	10	
79	94	18	77	9	2	33	-1	26	48	
100	97	34	14	33	64	91	26	-1	44	
82	7	8	20	29	21	10	48	44	-1	
