10
-1	67	51	18	95	71	80	62	70	76	
67	-1	29	68	7	13	75	54	27	35	
51	29	-1	43	17	23	56	87	26	63	
18	68	43	-1	58	62	61	55	36	80	
95	7	17	58	-1	26	98	39	4	35	
71	13	23	62	26	-1	32	14	91	49	
80	75	56	61	98	32	-1	53	62	86	
62	54	87	55	39	14	53	-1	14	84	
70	27	26	36	4	91	62	14	-1	29	
76	35	63	80	35	49	86	84	29	-1	
