10
-1	23	46	47	37	25	7	64	45	28	
23	-1	67	39	43	92	67	85	61	87	
46	67	-1	42	44	20	40	16	33	42	
47	39	42	-1	53	49	98	72	97	79	
37	43	44	53	-1	54	25	97	33	71	
25	92	20	49	54	-1	92	71	34	65	
7	67	40	98	25	92	-1	83	44	53	
64	85	16	72	97	71	83	-1	47	25	
45	61	33	97	33	34	44	47	-1	70	
28	87	42	79	71	65	53	25	70	-1	
