10
-1	58	75	41	94	25	73	63	50	69	
58	-1	72	54	15	64	88	10	1	33	
75	72	-1	31	49	95	54	31	37	12	
41	54	31	-1	27	87	59	54	43	70	
94	15	49	27	-1	94	17	37	8	29	
25	64	95	87	94	-1	24	37	90	99	
73	88	54	59	17	24	-1	88	85	88	
63	10	31	54	37	37	88	-1	37	53	
50	1	37	43	8	90	85	37	-1	66	
69	33	12	70	29	99	88	53	66	-1	
