10
-1	32	67	13	69	51	53	69	1	23	
32	-1	13	34	87	38	76	26	8	57	
67	13	-1	76	41	92	43	45	87	76	
13	34	76	-1	89	42	26	65	6	8	
69	87	41	89	-1	20	18	28	11	71	
51	38	92	42	20	-1	9	35	14	66	
53	76	43	26	18	9	-1	86	84	70	
69	26	45	65	28	35	86	-1	99	97	
1	8	87	6	11	14	84	99	-1	81	
23	57	76	8	71	66	70	97	81	-1	
