10
-1	6	14	29	47	22	61	53	51	15	
6	-1	87	37	97	97	10	48	22	8	
14	87	-1	84	29	81	72	46	84	32	
29	37	84	-1	52	84	18	100	61	51	
47	97	29	52	-1	7	87	14	80	59	
22	97	81	84	7	-1	20	7	89	87	
61	10	72	18	87	20	-1	48	47	49	
53	48	46	100	14	7	48	-1	2	87	
51	22	84	61	80	89	47	2	-1	58	
15	8	32	51	59	87	49	87	58	-1	
