10
-1	89	76	37	47	15	52	74	52	51	
89	-1	27	4	75	24	99	39	75	11	
76	27	-1	35	10	68	17	22	7	75	
37	4	35	-1	40	97	41	26	15	50	
47	75	10	40	-1	72	59	73	46	32	
15	24	68	97	72	-1	77	31	88	8	
52	99	17	41	59	77	-1	3	93	74	
74	39	22	26	73	31	3	-1	64	16	
52	75	7	15	46	88	93	64	-1	82	
51	11	75	50	32	8	74	16	82	-1	
