10
-1	22	15	1	51	11	35	7	93	36	
22	-1	51	71	52	63	45	82	7	73	
15	51	-1	43	85	63	13	90	38	28	
1	71	43	-1	35	88	72	66	2	51	
51	52	85	35	-1	8	61	31	99	25	
11	63	63	88	8	-1	60	99	86	80	
35	45	13	72	61	60	-1	72	63	69	
7	82	90	66	31	99	72	-1	13	59	
93	7	38	2	99	86	63	13	-1	42	
36	73	28	51	25	80	69	59	42	-1	
