10
-1	99	12	74	29	53	36	73	68	76	
99	-1	84	88	3	95	25	41	38	59	
12	84	-1	9	6	63	31	68	73	31	
74	88	9	-1	94	13	48	90	34	23	
29	3	6	94	-1	10	50	65	77	75	
53	95	63	13	10	-1	80	35	51	8	
36	25	31	48	50	80	-1	12	31	42	
73	41	68	90	65	35	12	-1	83	43	
68	38	73	34	77	51	31	83	-1	91	
76	59	31	23	75	8	42	43	91	-1	
