10
-1	64	87	96	51	36	37	18	16	53	
64	-1	100	11	55	52	70	18	10	86	
87	100	-1	50	56	2	83	23	66	61	
96	11	50	-1	93	76	86	79	81	74	
51	55	56	93	-1	43	89	57	3	94	
36	52	2	76	43	-1	37	63	46	50	
37	70	83	86	89	37	-1	1	85	79	
18	18	23	79	57	63	1	-1	39	47	
16	10	66	81	3	46	85	39	-1	57	
53	86	61	74	94	50	79	47	57	-1	
