10
-1	32	97	91	75	55	52	99	54	60	
32	-1	89	29	31	16	89	41	71	66	
97	89	-1	55	83	47	91	31	28	91	
91	29	55	-1	49	12	19	84	19	39	
75	31	83	49	-1	71	22	100	67	61	
55	16	47	12	71	-1	6	83	75	27	
52	89	91	19	22	6	-1	87	86	58	
99	41	31	84	100	83	87	-1	61	47	
54	71	28	19	67	75	86	61	-1	37	
60	66	91	39	61	27	58	47	37	-1	
