10
-1	5	34	20	75	32	48	72	37	72	
5	-1	20	30	86	79	45	20	82	82	
34	20	-1	37	5	65	95	75	5	69	
20	30	37	-1	57	7	1	5	16	79	
75	86	5	57	-1	20	44	51	56	52	
32	79	65	7	20	-1	99	12	59	1	
48	45	95	1	44	99	-1	42	18	34	
72	20	75	5	51	12	42	-1	87	20	
37	82	5	16	56	59	18	87	-1	64	
72	82	69	79	52	1	34	20	64	-1	
