10
-1	77	59	61	92	66	10	88	3	52	
77	-1	86	91	99	15	8	55	22	1	
59	86	-1	13	28	83	65	23	48	10	
61	91	13	-1	71	94	76	20	80	93	
92	99	28	71	-1	36	36	76	54	77	
66	15	83	94	36	-1	45	45	44	12	
10	8	65	76	36	45	-1	100	34	20	
88	55	23	20	76	45	100	-1	14	76	
3	22	48	80	54	44	34	14	-1	55	
52	1	10	93	77	12	20	76	55	-1	
