10
-1	77	18	72	17	21	75	3	71	66	
77	-1	97	59	29	64	13	86	56	65	
18	97	-1	5	44	64	44	86	9	19	
72	59	5	-1	17	29	31	6	44	51	
17	29	44	17	-1	86	80	63	85	32	
21	64	64	29	86	-1	63	95	91	95	
75	13	44	31	80	63	-1	56	65	59	
3	86	86	6	63	95	56	-1	53	50	
71	56	9	44	85	91	65	53	-1	81	
66	65	19	51	32	95	59	50	81	-1	
