10
-1	42	43	34	55	24	100	100	23	47	
42	-1	84	13	65	61	64	24	69	51	
43	84	-1	85	8	50	92	62	53	45	
34	13	85	-1	53	67	87	45	82	34	
55	65	8	53	-1	31	83	65	20	32	
24	61	50	67	31	-1	28	74	93	80	
100	64	92	87	83	28	-1	14	71	99	
100	24	62	45	65	74	14	-1	95	4	
23	69	53	82	20	93	71	95	-1	5	
47	51	45	34	32	80	99	4	5	-1	
