10
-1	84	40	50	96	3	18	93	43	22	
84	-1	34	99	46	4	51	34	98	32	
40	34	-1	85	54	13	41	34	4	76	
50	99	85	-1	61	71	81	27	4	99	
96	46	54	61	-1	4	98	84	54	98	
3	4	13	71	4	-1	64	82	82	49	
18	51	41	81	98	64	-1	7	44	74	
93	34	34	27	84	82	7	-1	7	7	
43	98	4	4	54	82	44	7	-1	77	
22	32	76	99	98	49	74	7	77	-1	
