10
-1	80	95	44	58	51	9	64	44	50	
80	-1	43	61	42	41	99	50	41	5	
95	43	-1	50	60	14	93	16	80	46	
44	61	50	-1	81	27	26	26	82	18	
58	42	60	81	-1	100	16	76	12	10	
51	41	14	27	100	-1	2	63	85	37	
9	99	93	26	16	2	-1	69	23	24	
64	50	16	26	76	63	69	-1	1	41	
44	41	80	82	12	85	23	1	-1	58	
50	5	46	18	10	37	24	41	58	-1	
