10
-1	16	37	28	92	88	23	8	73	5	
16	-1	13	94	80	36	90	44	52	99	
37	13	-1	72	39	67	21	77	100	18	
28	94	72	-1	7	72	77	91	36	43	
92	80	39	7	-1	22	65	55	72	50	
88	36	67	72	22	-1	44	80	69	61	
23	90	21	77	65	44	-1	6	94	29	
8	44	77	91	55	80	6	-1	98	66	
73	52	100	36	72	69	94	98	-1	69	
5	99	18	43	50	61	29	66	69	-1	
