10
-1	21	8	11	4	62	60	59	76	77	
21	-1	64	72	26	80	53	80	22	63	
8	64	-1	26	4	56	21	78	35	46	
11	72	26	-1	69	53	9	18	39	86	
4	26	4	69	-1	51	41	36	3	90	
62	80	56	53	51	-1	95	34	2	37	
60	53	21	9	41	95	-1	47	95	58	
59	80	78	18	36	34	47	-1	99	73	
76	22	35	39	3	2	95	99	-1	91	
77	63	46	86	90	37	58	73	91	-1	
