10
-1	5	65	50	8	81	23	40	10	4	
5	-1	44	71	92	25	19	95	45	79	
65	44	-1	5	55	46	20	61	61	42	
50	71	5	-1	82	53	59	43	77	61	
8	92	55	82	-1	58	17	69	13	61	
81	25	46	53	58	-1	17	29	79	7	
23	19	20	59	17	17	-1	12	93	51	
40	95	61	43	69	29	12	-1	37	68	
10	45	61	77	13	79	93	37	-1	91	
4	79	42	61	61	7	51	68	91	-1	
