10
-1	75	40	22	52	57	44	74	44	74	
75	-1	98	83	57	31	10	25	4	20	
40	98	-1	49	92	95	61	60	56	13	
22	83	49	-1	18	46	68	81	80	53	
52	57	92	18	-1	85	56	1	71	40	
57	31	95	46	85	-1	8	96	66	33	
44	10	61	68	56	8	-1	96	21	17	
74	25	60	81	1	96	96	-1	92	21	
44	4	56	80	71	66	21	92	-1	53	
74	20	13	53	40	33	17	21	53	-1	
