10
-1	8	20	100	93	42	18	81	83	70	
8	-1	84	50	78	9	55	61	31	1	
20	84	-1	26	21	15	25	32	44	15	
100	50	26	-1	75	92	28	98	17	26	
93	78	21	75	-1	43	30	25	45	21	
42	9	15	92	43	-1	30	23	71	52	
18	55	25	28	30	30	-1	18	44	68	
81	61	32	98	25	23	18	-1	59	63	
83	31	44	17	45	71	44	59	-1	20	
70	1	15	26	21	52	68	63	20	-1	
