10
-1	3	26	33	40	97	1	74	22	63	
3	-1	27	76	24	50	29	26	55	74	
26	27	-1	58	79	63	47	38	80	11	
33	76	58	-1	83	38	35	23	67	86	
40	24	79	83	-1	3	57	47	25	2	
97	50	63	38	3	-1	44	93	68	13	
1	29	47	35	57	44	-1	82	33	13	
74	26	38	23	47	93	82	-1	95	50	
22	55	80	67	25	68	33	95	-1	97	
63	74	11	86	2	13	13	50	97	-1	
