10
-1	26	4	91	15	5	45	3	18	42	
26	-1	41	26	67	22	6	85	85	90	
4	41	-1	36	15	97	73	10	60	59	
91	26	36	-1	91	5	94	89	32	100	
15	67	15	91	-1	53	58	65	13	79	
5	22	97	5	53	-1	15	67	31	4	
45	6	73	94	58	15	-1	31	57	41	
3	85	10	89	65	67	31	-1	38	86	
18	85	60	32	13	31	57	38	-1	89	
42	90	59	100	79	4	41	86	89	-1	
