10
-1	93	16	11	30	17	24	91	37	22	
93	-1	26	49	84	41	67	40	22	99	
16	26	-1	79	21	80	11	75	26	99	
11	49	79	-1	67	45	23	43	72	39	
30	84	21	67	-1	86	40	86	34	30	
17	41	80	45	86	-1	87	59	36	71	
24	67	11	23	40	87	-1	63	32	97	
91	40	75	43	86	59	63	-1	26	36	
37	22	26	72	34	36	32	26	-1	49	
22	99	99	39	30	71	97	36	49	-1	
