10
-1	80	52	90	32	50	62	55	28	51	
80	-1	36	40	1	27	28	74	18	92	
52	36	-1	76	65	51	15	20	12	78	
90	40	76	-1	9	99	78	46	90	32	
32	1	65	9	-1	6	29	25	66	33	
50	27	51	99	6	-1	8	37	37	42	
62	28	15	78	29	8	-1	48	2	23	
55	74	20	46	25	37	48	-1	10	51	
28	18	12	90	66	37	2	10	-1	31	
51	92	78	32	33	42	23	51	31	-1	
