10
-1	91	87	63	26	63	18	36	59	93	
91	-1	22	33	46	71	18	16	86	66	
87	22	-1	50	50	14	94	22	81	34	
63	33	50	-1	99	18	62	42	36	82	
26	46	50	99	-1	27	8	47	70	61	
63	71	14	18	27	-1	3	37	44	73	
18	18	94	62	8	3	-1	5	47	28	
36	16	22	42	47	37	5	-1	88	4	
59	86	81	36	70	44	47	88	-1	69	
93	66	34	82	61	73	28	4	69	-1	
