10
-1	21	33	18	9	72	76	40	22	10	
21	-1	4	16	93	43	98	66	19	38	
33	4	-1	49	13	39	90	89	59	15	
18	16	49	-1	76	2	25	54	84	57	
9	93	13	76	-1	81	84	52	58	42	
72	43	39	2	81	-1	51	95	3	34	
76	98	90	25	84	51	-1	35	53	95	
40	66	89	54	52	95	35	-1	34	80	
22	19	59	84	58	3	53	34	-1	52	
10	38	15	57	42	34	95	80	52	-1	
