10
-1	85	1	45	9	21	36	56	24	58	
85	-1	20	61	34	23	16	41	95	96	
1	20	-1	54	45	29	97	75	29	22	
45	61	54	-1	30	24	63	31	73	18	
9	34	45	30	-1	30	50	55	39	5	
21	23	29	24	30	-1	47	71	10	66	
36	16	97	63	50	47	-1	98	64	91	
56	41	75	31	55	71	98	-1	78	71	
24	95	29	73	39	10	64	78	-1	33	
58	96	22	18	5	66	91	71	33	-1	
