10
-1	81	92	3	82	26	26	38	36	98	
81	-1	86	99	67	94	76	32	73	60	
92	86	-1	37	73	87	85	99	80	38	
3	99	37	-1	22	5	29	100	71	50	
82	67	73	22	-1	60	71	97	81	96	
26	94	87	5	60	-1	53	80	88	18	
26	76	85	29	71	53	-1	60	52	45	
38	32	99	100	97	80	60	-1	18	80	
36	73	80	71	81	88	52	18	-1	55	
98	60	38	50	96	18	45	80	55	-1	
