10
-1	9	91	60	14	10	16	20	36	32	
9	-1	31	4	90	62	28	85	55	9	
91	31	-1	9	91	81	13	66	19	77	
60	4	9	-1	27	95	88	77	84	38	
14	90	91	27	-1	80	7	86	22	94	
10	62	81	95	80	-1	12	46	51	50	
16	28	13	88	7	12	-1	9	38	62	
20	85	66	77	86	46	9	-1	50	76	
36	55	19	84	22	51	38	50	-1	88	
32	9	77	38	94	50	62	76	88	-1	
