10
-1	40	10	37	79	66	37	78	96	14	
40	-1	29	74	52	30	40	34	38	52	
10	29	-1	71	71	57	25	40	34	17	
37	74	71	-1	69	26	9	68	93	79	
79	52	71	69	-1	69	14	42	61	28	
66	30	57	26	69	-1	69	47	56	39	
37	40	25	9	14	69	-1	2	24	7	
78	34	40	68	42	47	2	-1	7	27	
96	38	34	93	61	56	24	7	-1	71	
14	52	17	79	28	39	7	27	71	-1	
