10
-1	11	76	43	94	38	26	32	20	23	
11	-1	44	8	95	46	4	13	47	41	
76	44	-1	58	98	39	63	11	79	91	
43	8	58	-1	89	60	40	18	2	19	
94	95	98	89	-1	26	57	13	33	34	
38	46	39	60	26	-1	63	1	96	68	
26	4	63	40	57	63	-1	47	24	22	
32	13	11	18	13	1	47	-1	25	40	
20	47	79	2	33	96	24	25	-1	69	
23	41	91	19	34	68	22	40	69	-1	
