10
-1	43	89	19	74	28	97	90	75	24	
43	-1	63	55	50	11	33	46	83	41	
89	63	-1	62	47	88	48	42	4	28	
19	55	62	-1	81	54	98	85	33	9	
74	50	47	81	-1	22	49	14	61	54	
28	11	88	54	22	-1	69	83	72	61	
97	33	48	98	49	69	-1	85	40	40	
90	46	42	85	14	83	85	-1	67	12	
75	83	4	33	61	72	40	67	-1	39	
24	41	28	9	54	61	40	12	39	-1	
