10
-1	4	92	59	27	69	4	7	40	4	
4	-1	45	67	11	67	21	96	38	85	
92	45	-1	48	47	37	7	40	42	30	
59	67	48	-1	31	5	25	94	77	80	
27	11	47	31	-1	48	89	70	16	22	
69	67	37	5	48	-1	13	13	17	93	
4	21	7	25	89	13	-1	18	80	100	
7	96	40	94	70	13	18	-1	73	36	
40	38	42	77	16	17	80	73	-1	92	
4	85	30	80	22	93	100	36	92	-1	
