10
-1	12	18	55	65	63	50	2	76	12	
12	-1	78	76	81	4	100	12	39	78	
18	78	-1	13	80	78	84	28	60	5	
55	76	13	-1	70	26	14	51	45	63	
65	81	80	70	-1	57	22	36	85	94	
63	4	78	26	57	-1	34	86	31	34	
50	100	84	14	22	34	-1	8	92	53	
2	12	28	51	36	86	8	-1	9	83	
76	39	60	45	85	31	92	9	-1	64	
12	78	5	63	94	34	53	83	64	-1	
