10
-1	97	74	55	7	93	56	54	25	73	
97	-1	9	50	48	35	3	52	59	24	
74	9	-1	59	44	47	70	15	48	20	
55	50	59	-1	43	36	58	25	82	11	
7	48	44	43	-1	71	47	97	94	35	
93	35	47	36	71	-1	1	94	63	35	
56	3	70	58	47	1	-1	7	42	81	
54	52	15	25	97	94	7	-1	90	76	
25	59	48	82	94	63	42	90	-1	43	
73	24	20	11	35	35	81	76	43	-1	
