10
-1	43	14	71	99	19	40	55	95	27	
43	-1	73	46	36	82	93	54	51	13	
14	73	-1	73	85	67	40	37	69	48	
71	46	73	-1	83	14	41	9	44	92	
99	36	85	83	-1	73	2	22	27	86	
19	82	67	14	73	-1	54	30	5	58	
40	93	40	41	2	54	-1	49	52	47	
55	54	37	9	22	30	49	-1	54	98	
95	51	69	44	27	5	52	54	-1	36	
27	13	48	92	86	58	47	98	36	-1	
