10
-1	82	11	28	4	92	61	74	99	23	
82	-1	92	70	58	18	88	82	34	61	
11	92	-1	51	14	24	30	84	86	89	
28	70	51	-1	87	33	27	77	39	44	
4	58	14	87	-1	33	78	40	98	47	
92	18	24	33	33	-1	1	85	7	63	
61	88	30	27	78	1	-1	9	72	46	
74	82	84	77	40	85	9	-1	95	23	
99	34	86	39	98	7	72	95	-1	46	
23	61	89	44	47	63	46	23	46	-1	
