10
-1	51	56	19	11	70	20	52	33	69	
51	-1	2	77	80	13	98	66	25	95	
56	2	-1	10	1	85	61	43	95	75	
19	77	10	-1	46	62	71	19	28	49	
11	80	1	46	-1	84	30	24	10	44	
70	13	85	62	84	-1	33	18	68	20	
20	98	61	71	30	33	-1	7	82	56	
52	66	43	19	24	18	7	-1	65	11	
33	25	95	28	10	68	82	65	-1	18	
69	95	75	49	44	20	56	11	18	-1	
