10
-1	33	83	37	16	79	2	64	82	40	
33	-1	91	16	72	4	48	61	46	94	
83	91	-1	98	39	16	96	82	67	10	
37	16	98	-1	16	6	6	99	43	61	
16	72	39	16	-1	17	72	15	53	21	
79	4	16	6	17	-1	64	83	8	7	
2	48	96	6	72	64	-1	7	81	49	
64	61	82	99	15	83	7	-1	79	60	
82	46	67	43	53	8	81	79	-1	7	
40	94	10	61	21	7	49	60	7	-1	
