10
-1	52	56	14	25	87	31	60	58	89	
52	-1	97	64	91	80	51	41	83	12	
56	97	-1	45	52	57	72	31	53	9	
14	64	45	-1	53	18	100	9	53	60	
25	91	52	53	-1	78	28	87	26	72	
87	80	57	18	78	-1	49	30	96	35	
31	51	72	100	28	49	-1	13	74	46	
60	41	31	9	87	30	13	-1	41	44	
58	83	53	53	26	96	74	41	-1	33	
89	12	9	60	72	35	46	44	33	-1	
