10
-1	60	20	87	90	93	67	66	13	49	
60	-1	17	22	89	94	74	86	36	12	
20	17	-1	16	4	47	15	79	15	23	
87	22	16	-1	19	6	8	11	93	90	
90	89	4	19	-1	55	24	52	62	57	
93	94	47	6	55	-1	81	64	86	56	
67	74	15	8	24	81	-1	57	62	71	
66	86	79	11	52	64	57	-1	86	50	
13	36	15	93	62	86	62	86	-1	12	
49	12	23	90	57	56	71	50	12	-1	
