10
-1	37	35	57	55	94	77	88	39	78	
37	-1	75	6	71	75	68	32	72	65	
35	75	-1	85	96	75	40	22	45	70	
57	6	85	-1	32	40	52	79	76	74	
55	71	96	32	-1	100	9	83	3	25	
94	75	75	40	100	-1	17	11	24	30	
77	68	40	52	9	17	-1	2	18	19	
88	32	22	79	83	11	2	-1	100	85	
39	72	45	76	3	24	18	100	-1	79	
78	65	70	74	25	30	19	85	79	-1	
