10
-1	87	73	63	90	14	62	78	57	53	
87	-1	13	86	27	10	40	50	56	7	
73	13	-1	44	59	95	97	80	18	52	
63	86	44	-1	32	28	78	92	66	17	
90	27	59	32	-1	76	33	17	29	7	
14	10	95	28	76	-1	100	93	14	27	
62	40	97	78	33	100	-1	72	10	41	
78	50	80	92	17	93	72	-1	17	89	
57	56	18	66	29	14	10	17	-1	77	
53	7	52	17	7	27	41	89	77	-1	
