10
-1	31	59	32	12	88	2	20	57	37	
31	-1	16	52	74	92	32	32	93	22	
59	16	-1	21	74	46	24	26	79	66	
32	52	21	-1	17	32	33	85	5	21	
12	74	74	17	-1	20	66	18	79	31	
88	92	46	32	20	-1	93	77	41	44	
2	32	24	33	66	93	-1	65	54	10	
20	32	26	85	18	77	65	-1	86	87	
57	93	79	5	79	41	54	86	-1	71	
37	22	66	21	31	44	10	87	71	-1	
