10
-1	17	25	49	88	14	43	21	51	34	
17	-1	89	7	10	35	81	7	52	89	
25	89	-1	78	72	73	94	13	69	59	
49	7	78	-1	47	91	3	85	85	87	
88	10	72	47	-1	20	84	33	37	28	
14	35	73	91	20	-1	55	52	32	59	
43	81	94	3	84	55	-1	66	18	64	
21	7	13	85	33	52	66	-1	28	54	
51	52	69	85	37	32	18	28	-1	28	
34	89	59	87	28	59	64	54	28	-1	
