10
-1	58	93	22	58	16	97	18	92	9	
58	-1	35	47	30	24	61	55	56	83	
93	35	-1	3	95	12	21	69	5	21	
22	47	3	-1	73	82	64	40	82	26	
58	30	95	73	-1	57	21	12	63	56	
16	24	12	82	57	-1	32	46	66	8	
97	61	21	64	21	32	-1	12	16	40	
18	55	69	40	12	46	12	-1	99	60	
92	56	5	82	63	66	16	99	-1	39	
9	83	21	26	56	8	40	60	39	-1	
