10
-1	82	51	14	34	5	15	77	16	36	
82	-1	59	84	80	93	60	80	29	72	
51	59	-1	97	11	7	24	65	19	40	
14	84	97	-1	46	22	15	85	79	62	
34	80	11	46	-1	26	8	1	48	75	
5	93	7	22	26	-1	85	38	31	56	
15	60	24	15	8	85	-1	49	71	50	
77	80	65	85	1	38	49	-1	79	95	
16	29	19	79	48	31	71	79	-1	94	
36	72	40	62	75	56	50	95	94	-1	
