10
-1	69	8	63	24	77	94	93	8	49	
69	-1	57	59	70	69	34	48	31	90	
8	57	-1	64	88	73	93	62	31	87	
63	59	64	-1	4	64	36	15	44	56	
24	70	88	4	-1	29	1	59	50	81	
77	69	73	64	29	-1	31	37	37	14	
94	34	93	36	1	31	-1	82	2	17	
93	48	62	15	59	37	82	-1	60	44	
8	31	31	44	50	37	2	60	-1	74	
49	90	87	56	81	14	17	44	74	-1	
