10
-1	98	98	4	7	62	31	73	74	30	
98	-1	68	83	60	84	100	62	44	9	
98	68	-1	71	44	34	21	40	73	25	
4	83	71	-1	87	41	34	88	95	76	
7	60	44	87	-1	47	86	2	67	68	
62	84	34	41	47	-1	16	13	35	57	
31	100	21	34	86	16	-1	39	88	86	
73	62	40	88	2	13	39	-1	4	31	
74	44	73	95	67	35	88	4	-1	68	
30	9	25	76	68	57	86	31	68	-1	
