10
-1	69	75	87	30	6	50	7	53	71	
69	-1	74	44	73	99	29	74	80	72	
75	74	-1	63	65	87	83	55	57	94	
87	44	63	-1	49	78	32	44	32	35	
30	73	65	49	-1	68	86	17	83	82	
6	99	87	78	68	-1	2	84	79	33	
50	29	83	32	86	2	-1	22	88	98	
7	74	55	44	17	84	22	-1	31	21	
53	80	57	32	83	79	88	31	-1	13	
71	72	94	35	82	33	98	21	13	-1	
