10
-1	50	68	1	12	41	17	53	34	21	
50	-1	80	1	58	9	76	80	35	67	
68	80	-1	72	25	57	86	51	74	8	
1	1	72	-1	87	27	44	28	39	54	
12	58	25	87	-1	79	43	90	12	29	
41	9	57	27	79	-1	83	23	67	40	
17	76	86	44	43	83	-1	6	34	51	
53	80	51	28	90	23	6	-1	89	18	
34	35	74	39	12	67	34	89	-1	38	
21	67	8	54	29	40	51	18	38	-1	
