10
-1	46	83	17	86	45	87	28	70	18	
46	-1	68	50	40	8	10	80	38	6	
83	68	-1	15	96	98	87	50	81	45	
17	50	15	-1	39	100	81	40	5	85	
86	40	96	39	-1	62	87	46	90	26	
45	8	98	100	62	-1	95	13	96	37	
87	10	87	81	87	95	-1	72	13	18	
28	80	50	40	46	13	72	-1	63	70	
70	38	81	5	90	96	13	63	-1	17	
18	6	45	85	26	37	18	70	17	-1	
