10
-1	35	74	11	94	2	36	86	22	88	
35	-1	25	19	30	32	40	31	41	35	
74	25	-1	32	77	56	10	69	93	73	
11	19	32	-1	39	46	63	36	13	89	
94	30	77	39	-1	31	2	64	21	84	
2	32	56	46	31	-1	68	14	12	43	
36	40	10	63	2	68	-1	100	16	61	
86	31	69	36	64	14	100	-1	50	78	
22	41	93	13	21	12	16	50	-1	67	
88	35	73	89	84	43	61	78	67	-1	
