10
-1	29	37	98	12	50	63	38	56	36	
29	-1	77	30	15	69	11	74	37	43	
37	77	-1	18	68	67	3	39	59	43	
98	30	18	-1	24	77	31	91	74	5	
12	15	68	24	-1	17	19	39	32	63	
50	69	67	77	17	-1	68	42	8	91	
63	11	3	31	19	68	-1	65	79	7	
38	74	39	91	39	42	65	-1	61	15	
56	37	59	74	32	8	79	61	-1	23	
36	43	43	5	63	91	7	15	23	-1	
