10
-1	59	88	78	95	71	66	76	28	90	
59	-1	75	20	90	63	80	83	27	91	
88	75	-1	87	97	91	34	16	8	77	
78	20	87	-1	1	56	49	43	93	18	
95	90	97	1	-1	2	10	91	80	64	
71	63	91	56	2	-1	75	67	47	26	
66	80	34	49	10	75	-1	49	38	53	
76	83	16	43	91	67	49	-1	81	23	
28	27	8	93	80	47	38	81	-1	19	
90	91	77	18	64	26	53	23	19	-1	
