10
-1	13	66	23	3	76	14	65	51	21	
13	-1	97	16	96	83	16	2	71	42	
66	97	-1	60	18	47	11	33	73	49	
23	16	60	-1	27	76	96	89	57	59	
3	96	18	27	-1	79	72	6	87	57	
76	83	47	76	79	-1	12	38	38	26	
14	16	11	96	72	12	-1	95	4	75	
65	2	33	89	6	38	95	-1	41	29	
51	71	73	57	87	38	4	41	-1	37	
21	42	49	59	57	26	75	29	37	-1	
