10
-1	46	62	89	42	12	65	14	44	28	
46	-1	38	37	58	58	65	45	16	31	
62	38	-1	2	48	59	21	15	59	2	
89	37	2	-1	39	6	58	37	15	18	
42	58	48	39	-1	84	7	85	64	82	
12	58	59	6	84	-1	22	28	37	67	
65	65	21	58	7	22	-1	80	70	67	
14	45	15	37	85	28	80	-1	27	9	
44	16	59	15	64	37	70	27	-1	91	
28	31	2	18	82	67	67	9	91	-1	
