10
-1	73	69	14	94	62	23	32	37	76	
73	-1	65	77	55	100	2	82	62	22	
69	65	-1	19	38	13	67	8	50	66	
14	77	19	-1	43	16	22	88	53	98	
94	55	38	43	-1	86	13	31	65	64	
62	100	13	16	86	-1	2	82	97	81	
23	2	67	22	13	2	-1	68	61	79	
32	82	8	88	31	82	68	-1	23	37	
37	62	50	53	65	97	61	23	-1	41	
76	22	66	98	64	81	79	37	41	-1	
