10
-1	20	24	84	80	62	8	88	86	29	
20	-1	94	95	51	73	43	29	80	90	
24	94	-1	33	70	60	78	17	2	13	
84	95	33	-1	53	64	48	39	11	21	
80	51	70	53	-1	92	23	57	90	70	
62	73	60	64	92	-1	67	64	51	49	
8	43	78	48	23	67	-1	28	59	37	
88	29	17	39	57	64	28	-1	95	47	
86	80	2	11	90	51	59	95	-1	23	
29	90	13	21	70	49	37	47	23	-1	
