10
-1	8	14	38	17	49	17	11	59	53	
8	-1	19	3	10	37	77	22	1	60	
14	19	-1	2	24	28	51	66	16	42	
38	3	2	-1	52	23	61	79	95	21	
17	10	24	52	-1	23	39	23	76	97	
49	37	28	23	23	-1	27	25	8	14	
17	77	51	61	39	27	-1	46	26	32	
11	22	66	79	23	25	46	-1	26	34	
59	1	16	95	76	8	26	26	-1	40	
53	60	42	21	97	14	32	34	40	-1	
