10
-1	75	99	36	40	36	65	80	42	33	
75	-1	65	18	29	66	82	32	69	20	
99	65	-1	60	39	60	50	96	37	93	
36	18	60	-1	66	75	21	92	29	42	
40	29	39	66	-1	16	83	97	96	42	
36	66	60	75	16	-1	61	55	56	42	
65	82	50	21	83	61	-1	61	97	13	
80	32	96	92	97	55	61	-1	75	86	
42	69	37	29	96	56	97	75	-1	10	
33	20	93	42	42	42	13	86	10	-1	
