10
-1	85	59	8	8	25	86	15	45	85	
85	-1	48	23	19	12	72	88	28	10	
59	48	-1	89	72	7	26	27	55	58	
8	23	89	-1	29	63	67	4	32	7	
8	19	72	29	-1	5	16	72	5	37	
25	12	7	63	5	-1	19	57	7	88	
86	72	26	67	16	19	-1	11	82	67	
15	88	27	4	72	57	11	-1	100	16	
45	28	55	32	5	7	82	100	-1	59	
85	10	58	7	37	88	67	16	59	-1	
