10
-1	65	35	19	74	9	53	25	35	28	
65	-1	16	43	48	16	75	67	12	76	
35	16	-1	54	30	91	39	80	39	32	
19	43	54	-1	31	31	13	76	37	19	
74	48	30	31	-1	63	54	3	96	12	
9	16	91	31	63	-1	87	65	19	20	
53	75	39	13	54	87	-1	98	32	70	
25	67	80	76	3	65	98	-1	73	24	
35	12	39	37	96	19	32	73	-1	84	
28	76	32	19	12	20	70	24	84	-1	
