10
-1	67	92	51	4	36	37	89	9	71	
67	-1	20	12	92	45	8	88	19	19	
92	20	-1	22	13	66	20	96	96	89	
51	12	22	-1	33	31	27	70	53	76	
4	92	13	33	-1	77	88	3	53	94	
36	45	66	31	77	-1	84	72	19	39	
37	8	20	27	88	84	-1	26	14	30	
89	88	96	70	3	72	26	-1	89	84	
9	19	96	53	53	19	14	89	-1	5	
71	19	89	76	94	39	30	84	5	-1	
