10
-1	53	48	95	44	56	81	7	75	91	
53	-1	11	63	26	59	10	27	54	51	
48	11	-1	49	45	30	13	30	31	86	
95	63	49	-1	73	44	52	18	79	36	
44	26	45	73	-1	41	97	4	95	20	
56	59	30	44	41	-1	24	41	15	9	
81	10	13	52	97	24	-1	12	99	59	
7	27	30	18	4	41	12	-1	53	25	
75	54	31	79	95	15	99	53	-1	74	
91	51	86	36	20	9	59	25	74	-1	
