10
-1	51	45	56	57	70	75	11	93	73	
51	-1	92	70	23	97	4	20	95	55	
45	92	-1	4	57	37	29	83	71	59	
56	70	4	-1	33	44	64	26	34	66	
57	23	57	33	-1	81	7	77	55	5	
70	97	37	44	81	-1	66	41	36	25	
75	4	29	64	7	66	-1	40	60	42	
11	20	83	26	77	41	40	-1	11	26	
93	95	71	34	55	36	60	11	-1	61	
73	55	59	66	5	25	42	26	61	-1	
