10
-1	17	7	76	18	5	58	83	9	93	
17	-1	49	69	85	2	78	95	80	53	
7	49	-1	49	13	34	8	44	43	5	
76	69	49	-1	35	97	43	75	41	35	
18	85	13	35	-1	62	75	88	95	73	
5	2	34	97	62	-1	91	73	88	73	
58	78	8	43	75	91	-1	97	53	61	
83	95	44	75	88	73	97	-1	76	25	
9	80	43	41	95	88	53	76	-1	21	
93	53	5	35	73	73	61	25	21	-1	
