10
-1	16	81	91	32	73	72	14	97	3	
16	-1	67	32	65	10	24	69	9	50	
81	67	-1	9	68	38	29	19	85	30	
91	32	9	-1	9	6	66	100	61	58	
32	65	68	9	-1	21	62	72	30	78	
73	10	38	6	21	-1	65	77	73	37	
72	24	29	66	62	65	-1	52	64	94	
14	69	19	100	72	77	52	-1	63	89	
97	9	85	61	30	73	64	63	-1	1	
3	50	30	58	78	37	94	89	1	-1	
