10
-1	72	98	17	95	14	2	31	76	7	
72	-1	97	62	71	69	41	10	24	75	
98	97	-1	20	64	83	61	64	92	80	
17	62	20	-1	78	29	12	42	92	100	
95	71	64	78	-1	82	6	23	85	87	
14	69	83	29	82	-1	78	59	47	98	
2	41	61	12	6	78	-1	49	96	50	
31	10	64	42	23	59	49	-1	31	14	
76	24	92	92	85	47	96	31	-1	51	
7	75	80	100	87	98	50	14	51	-1	
