10
-1	83	69	7	71	75	26	6	77	16	
83	-1	44	48	61	71	100	58	94	82	
69	44	-1	72	46	26	84	8	95	77	
7	48	72	-1	72	55	42	41	56	57	
71	61	46	72	-1	15	86	15	97	97	
75	71	26	55	15	-1	99	80	34	49	
26	100	84	42	86	99	-1	57	61	9	
6	58	8	41	15	80	57	-1	79	52	
77	94	95	56	97	34	61	79	-1	36	
16	82	77	57	97	49	9	52	36	-1	
