10
-1	37	80	17	59	45	39	60	27	98	
37	-1	30	94	49	5	95	100	51	25	
80	30	-1	48	37	98	26	90	80	61	
17	94	48	-1	15	24	23	63	15	15	
59	49	37	15	-1	94	83	58	36	32	
45	5	98	24	94	-1	30	32	69	88	
39	95	26	23	83	30	-1	69	91	67	
60	100	90	63	58	32	69	-1	20	38	
27	51	80	15	36	69	91	20	-1	24	
98	25	61	15	32	88	67	38	24	-1	
