10
-1	2	87	33	85	45	32	11	17	39	
2	-1	51	40	64	61	78	81	93	22	
87	51	-1	13	72	6	76	16	58	66	
33	40	13	-1	29	18	33	47	27	26	
85	64	72	29	-1	16	91	77	4	77	
45	61	6	18	16	-1	7	51	43	34	
32	78	76	33	91	7	-1	86	20	52	
11	81	16	47	77	51	86	-1	75	47	
17	93	58	27	4	43	20	75	-1	35	
39	22	66	26	77	34	52	47	35	-1	
