10
-1	75	15	41	92	27	65	12	65	16	
75	-1	92	42	54	62	60	7	11	15	
15	92	-1	34	5	68	68	16	32	33	
41	42	34	-1	52	59	36	54	22	50	
92	54	5	52	-1	95	32	42	2	78	
27	62	68	59	95	-1	48	95	83	41	
65	60	68	36	32	48	-1	30	7	7	
12	7	16	54	42	95	30	-1	77	40	
65	11	32	22	2	83	7	77	-1	2	
16	15	33	50	78	41	7	40	2	-1	
