10
-1	36	24	81	43	1	25	11	78	54	
36	-1	65	94	27	20	44	52	41	43	
24	65	-1	51	16	37	98	38	45	80	
81	94	51	-1	9	76	47	77	42	53	
43	27	16	9	-1	68	48	55	91	38	
1	20	37	76	68	-1	34	7	95	85	
25	44	98	47	48	34	-1	74	47	1	
11	52	38	77	55	7	74	-1	51	87	
78	41	45	42	91	95	47	51	-1	31	
54	43	80	53	38	85	1	87	31	-1	
