10
-1	80	24	40	47	6	37	99	37	41	
80	-1	42	84	77	72	20	69	89	67	
24	42	-1	98	56	77	14	84	40	67	
40	84	98	-1	42	25	65	60	28	47	
47	77	56	42	-1	53	5	96	6	21	
6	72	77	25	53	-1	19	52	80	84	
37	20	14	65	5	19	-1	43	72	27	
99	69	84	60	96	52	43	-1	2	48	
37	89	40	28	6	80	72	2	-1	100	
41	67	67	47	21	84	27	48	100	-1	
