10
-1	6	7	95	57	77	26	44	69	80	
6	-1	63	17	49	84	6	35	55	32	
7	63	-1	43	32	85	18	88	16	61	
95	17	43	-1	99	92	74	69	52	82	
57	49	32	99	-1	53	44	77	25	96	
77	84	85	92	53	-1	74	68	77	11	
26	6	18	74	44	74	-1	8	73	2	
44	35	88	69	77	68	8	-1	47	47	
69	55	16	52	25	77	73	47	-1	32	
80	32	61	82	96	11	2	47	32	-1	
