10
-1	9	83	86	70	64	18	4	70	51	
9	-1	24	91	48	22	24	34	50	37	
83	24	-1	19	92	66	74	35	68	97	
86	91	19	-1	20	44	2	21	96	38	
70	48	92	20	-1	62	3	74	76	97	
64	22	66	44	62	-1	43	78	20	81	
18	24	74	2	3	43	-1	60	95	83	
4	34	35	21	74	78	60	-1	96	93	
70	50	68	96	76	20	95	96	-1	100	
51	37	97	38	97	81	83	93	100	-1	
