10
-1	38	19	12	77	64	55	14	10	39	
38	-1	78	35	82	56	92	37	18	46	
19	78	-1	56	78	62	1	94	64	59	
12	35	56	-1	67	89	25	41	41	50	
77	82	78	67	-1	54	60	1	34	46	
64	56	62	89	54	-1	54	55	92	9	
55	92	1	25	60	54	-1	41	5	74	
14	37	94	41	1	55	41	-1	38	28	
10	18	64	41	34	92	5	38	-1	3	
39	46	59	50	46	9	74	28	3	-1	
